football={0: [24, 17, 105, 5, 10, 94, 1, 42], 
1: [14, 61, 65, 40, 16, 7, 101, 48, 33, 107, 3], 
2: [18, 28, 57, 97, 21, 63, 114, 88, 96, 71, 66, 77], 
3: [82, 85, 53, 75, 73, 11, 103, 6, 4, 41, 99, 108], 
4: [110, 104, 26, 46, 2, 106, 90, 38, 34], 
5: [79, 78, 22, 8, 52, 112, 23, 9, 109, 69], 
6: [44, 72, 43, 27, 19, 32, 100, 15, 13, 86, 37, 55, 62, 35, 39], 
7: [20, 56, 102, 80, 95, 36, 81, 83, 31, 30], 
8: [74, 115, 68, 84, 111, 89, 50, 47, 54], 
9: [58, 92, 76, 45, 67, 49, 93, 87, 113], 
10: [60, 64, 98, 59], 
11: [51, 25, 29, 70, 91, 12]}

sante={0: [106, 117, 102, 115, 116, 104, 108, 113, 109, 103, 118, 111, 110, 112, 107, 114, 105], 
1: [89, 80, 92, 81, 78, 83, 96, 100, 82, 94, 88, 91, 84, 101, 97, 99, 85, 86, 93, 87, 98, 79, 90, 95], 
2: [40, 41, 39, 38, 31, 32, 37, 34, 35, 30, 33], 
3: [3, 6, 1, 5, 2, 4, 11, 20, 8, 19, 12, 10, 7, 28, 29, 9, 26, 14, 25, 22, 27, 15, 18, 24, 13, 16, 21, 17, 23],
 4: [67, 59, 73, 72, 66, 69, 74, 71, 76, 77, 75, 68, 65, 36, 70],
 5: [50, 54, 53, 55, 52, 51, 56, 47, 62, 48, 44, 45, 49, 46, 57, 58, 61, 43, 63, 42, 64, 60]}

karate={0: [14, 22, 20, 1, 18, 8, 3, 12, 2, 4, 13, 6, 11, 7, 5, 17],
 1: [30, 27, 15, 10, 21, 31, 34, 33, 16, 9, 19, 23, 28, 32, 25, 26, 29, 24]}

dolphins={0: [42, 61, 27, 28, 18, 55, 2, 10, 23, 7, 20, 26, 32, 49, 58, 33, 6, 57, 14, 8],
     1: [62, 60, 54, 4, 41, 40, 37, 9, 51, 38, 47, 44, 53, 45, 35, 59, 39, 34, 13, 15, 21, 17, 50],
     2: [11, 3, 29, 48, 31, 1, 43], 
     3: [24, 19, 30, 22, 46, 12, 36, 52, 16, 56, 5, 25]}
polbooks={0: [28, 4, 104, 46, 48, 76, 7, 103, 18, 51, 69, 105, 6],
     1: [74, 82, 30, 88, 71, 67, 75, 90, 87, 86, 81, 65, 91, 89, 72, 100, 92, 95, 78, 101, 83, 61, 31, 73, 96, 79, 102,
         99, 63, 68, 97, 62, 85, 59, 70, 93, 60, 80, 84, 98, 94, 66, 64],
     2: [13, 24, 54, 44, 40, 16, 35, 14, 19, 47, 9, 77, 36, 37, 10, 57, 42, 11, 17, 49, 53, 56, 26, 3, 39, 22, 29, 20,
         58, 2, 45, 55, 52, 32, 25, 12, 23, 8, 50, 1, 43, 33, 38, 21, 15, 5, 34, 27, 41]}
riskmap={0: [7, 8, 6, 3, 4, 2, 5, 1, 9], 
     1: [13, 12, 14, 10, 11, 16, 15],
     2: [17, 25, 18, 21, 24, 23, 28, 20, 27, 19, 22, 26],
     3: [30, 32, 31, 29], 
     4: [35, 37, 34, 38, 36, 33],
     5: [39, 42, 41, 40]}