dolphins:
1 3 11 29 31 43 48                 
5 12 16 19 22 24 25 30 36 46 52 56           
2 6 7 8 10 14 18 20 23 26 27 28 32 33 42 49 55 57 58 61   
4 9 13 15 17 21 34 35 37 38 39 40 41 44 45 47 50 51 53 54 59 60 62


football_12:
1 5 10 17 24 42 94 105        
3 7 14 16 33 40 48 61 65 101 107     
18 21 28 57 63 66 71 77 88 96 97 114    
4 6 11 41 53 73 75 82 85 99 103 108    
2 26 34 38 46 90 104 106 110       
8 9 22 23 52 69 78 79 109 112      
13 15 19 27 32 35 37 39 43 44 55 62 72 86 100
20 30 31 36 56 80 81 83 95 102      
47 50 54 68 74 84 89 111 115       
45 49 58 67 76 87 92 93 113       
59 60 64 98            
12 25 29 51 70 91         


santafe:
102 103 104 105 106 107 108 109 110 111 112 113 114 115 116 117 118             
78 79 80 81 82 83 84 85 86 87 88 89 90 91 92 93 94 95 96 97 98 99 100 101      
30 31 32 33 34 35 37 38 39 40 41                   
1 2 3 4 5 6 7 8 9 10 11 12 13 14 15 16 17 18 19 20 21 22 23 24 25 26 27 28 29
36 59 65 66 67 68 69 70 71 72 73 74 75 76 77              
42 43 44 45 46 47 48 49 50 51 52 53 54 55 56 57 58 60 61 62 63 64

karate:
1 2 3 4 5 6 7 8 11 12 13 14 17 18 20 22  
9 10 15 16 19 21 23 24 25 26 27 28 29 30 31 32 33 34





